1742783525911 0.775752067565918 0
1742783527439 0.9225159287452698 1
1742783529659 0.9580674767494202 2
1742783531053 0.9781221747398376 3
1742783532666 0.9817684888839722 4
1742783534030 0.9826800227165222 5
1742783536919 0.9908842444419861 6
1742783538239 0.9945305585861206 7
1742783541178 0.9945305585861206 8
1742783544582 0.9972652792930603 9
1742783545696 1.0 10
1742783547822 1.0 11
1742783549669 1.0 12
1742783550668 1.0 13
1742783553770 1.0 14
1742783557770 1.0 15
1742783559247 1.0 16
1742783565035 1.0 17
1742783576353 1.0 18
1742783580869 1.0 19
1742783586170 1.0 20
1742783588428 1.0 21
1742783592107 1.0 22
1742783594231 1.0 23
1742783595988 1.0 24
1742783597312 1.0 25
1742783598540 1.0 26
1742783599910 1.0 27
1742783600985 1.0 28
1742783602514 1.0 29
1742783603656 1.0 30
1742783606108 1.0 31
1742783607560 1.0 32
1742783608622 1.0 33
1742783611447 1.0 34
1742783612801 1.0 35
1742783616014 1.0 36
1742783617742 1.0 37
1742783619715 1.0 38
1742783620696 1.0 39
1742783627559 1.0 40
1742783643140 1.0 41
1742783657644 1.0 42
1742783676488 1.0 43
1742783692654 1.0 44
1742783704255 1.0 45
1742783730819 1.0 46
1742783744995 1.0 47
1742783752923 1.0 48
1742783759412 1.0 49
