1742783525911 0.5944439768791199 0
1742783527439 0.35573911666870117 1
1742783529659 0.17856508493423462 2
1742783531053 0.09490615874528885 3
1742783532666 0.061643630266189575 4
1742783534030 0.04506674036383629 5
1742783536919 0.03455174341797829 6
1742783538239 0.027602924033999443 7
1742783541178 0.021819470450282097 8
1742783544582 0.017839862033724785 9
1742783545696 0.014769393019378185 10
1742783547822 0.012425397522747517 11
1742783549669 0.010405284352600574 12
1742783550668 0.008853420615196228 13
1742783553770 0.007625524885952473 14
1742783557770 0.006782195996493101 15
1742783559247 0.00583745026960969 16
1742783565035 0.005133884493261576 17
1742783576353 0.0045639751479029655 18
1742783580869 0.0040796659886837006 19
1742783586170 0.0036317328922450542 20
1742783588428 0.003266283543780446 21
1742783592107 0.002985905157402158 22
1742783594231 0.0027187594678252935 23
1742783595988 0.0024319065269082785 24
1742783597312 0.0022745842579752207 25
1742783598540 0.002071561524644494 26
1742783599910 0.0018874453380703926 27
1742783600985 0.0017193633830174804 28
1742783602514 0.0015956746647134423 29
1742783603656 0.0014844377292320132 30
1742783606108 0.0014078833628445864 31
1742783607560 0.0012777532683685422 32
1742783608622 0.0011851522140204906 33
1742783611447 0.0011224938789382577 34
1742783612801 0.0010613047052174807 35
1742783616014 0.0009825510205700994 36
1742783617742 0.0009180717170238495 37
1742783619715 0.0008703059866093099 38
1742783620696 0.0008192629320546985 39
1742783627559 0.00077060452895239 40
1742783643140 0.0007276800461113453 41
1742783657644 0.0006935904966667295 42
1742783676488 0.0006561873015016317 43
1742783692654 0.000625322456471622 44
1742783704255 0.0005941840936429799 45
1742783730819 0.0005590516375377774 46
1742783744995 0.0005321442731656134 47
1742783752923 0.0005045701400376856 48
1742783759412 0.0004885877133347094 49
